left_plane : [-0.000680925, -0.99909, 0.0426382, 11.1645]

right_plane: [-0.00228673, -0.999897, 0.0141779, -0.697128]

back_plane: [0.971976, 0.233684, -0.0255787, -32.1141]

# rotate lidar data to map,but rotate the map to the lidar acturally when calculate volume
# folloing params is raw data from lidar to map
YPR: [-46.0,14.4,0]
xyz: [104,3.8,5.5]

#fix lidar totation
lidar_YPR: [38,17.47446692,0]
lidar_xyz: [0,0,10]



